0.000000000000000000e+00 0.000000000000000000e+00 0.000000000000000000e+00
1.925000000000000044e+00 1.925000000000000044e+00 0.000000000000000000e+00
1.925000000000000044e+00 0.000000000000000000e+00 1.925000000000000044e+00
0.000000000000000000e+00 1.925000000000000044e+00 1.925000000000000044e+00
0.000000000000000000e+00 0.000000000000000000e+00 3.850000000000000089e+00
1.925000000000000044e+00 1.925000000000000044e+00 3.850000000000000089e+00
1.925000000000000044e+00 0.000000000000000000e+00 5.775000000000000355e+00
0.000000000000000000e+00 1.925000000000000044e+00 5.775000000000000355e+00
0.000000000000000000e+00 3.850000000000000089e+00 0.000000000000000000e+00
1.925000000000000044e+00 5.775000000000000355e+00 0.000000000000000000e+00
1.925000000000000044e+00 3.850000000000000089e+00 1.925000000000000044e+00
0.000000000000000000e+00 5.775000000000000355e+00 1.925000000000000044e+00
0.000000000000000000e+00 3.850000000000000089e+00 3.850000000000000089e+00
1.925000000000000044e+00 5.775000000000000355e+00 3.850000000000000089e+00
1.925000000000000044e+00 3.850000000000000089e+00 5.775000000000000355e+00
0.000000000000000000e+00 5.775000000000000355e+00 5.775000000000000355e+00
3.850000000000000089e+00 0.000000000000000000e+00 0.000000000000000000e+00
5.775000000000000355e+00 1.925000000000000044e+00 0.000000000000000000e+00
5.775000000000000355e+00 0.000000000000000000e+00 1.925000000000000044e+00
3.850000000000000089e+00 1.925000000000000044e+00 1.925000000000000044e+00
3.850000000000000089e+00 0.000000000000000000e+00 3.850000000000000089e+00
5.775000000000000355e+00 1.925000000000000044e+00 3.850000000000000089e+00
5.775000000000000355e+00 0.000000000000000000e+00 5.775000000000000355e+00
3.850000000000000089e+00 1.925000000000000044e+00 5.775000000000000355e+00
3.850000000000000089e+00 3.850000000000000089e+00 0.000000000000000000e+00
5.775000000000000355e+00 5.775000000000000355e+00 0.000000000000000000e+00
5.775000000000000355e+00 3.850000000000000089e+00 1.925000000000000044e+00
3.850000000000000089e+00 5.775000000000000355e+00 1.925000000000000044e+00
3.850000000000000089e+00 3.850000000000000089e+00 3.850000000000000089e+00
5.775000000000000355e+00 5.775000000000000355e+00 3.850000000000000089e+00
5.775000000000000355e+00 3.850000000000000089e+00 5.775000000000000355e+00
3.850000000000000089e+00 5.775000000000000355e+00 5.775000000000000355e+00
