-6.209140847804044405e+00 -3.486709135926847392e+00
-3.486779740235836034e+00 -3.486709135926847392e+00
-7.644186326676276622e-01 -3.486709135926847392e+00
1.957942474900581153e+00 -3.486709135926847392e+00
-4.792074723502889988e+00 -1.162236378642282464e+00
-2.069713615934682061e+00 -1.162236378642282464e+00
6.526474916335267551e-01 -1.162236378642282464e+00
3.375008599201735571e+00 -1.162236378642282464e+00
-3.375008599201735571e+00 1.162236378642282464e+00
-6.526474916335276433e-01 1.162236378642282464e+00
2.069713615934680284e+00 1.162236378642282464e+00
4.792074723502889988e+00 1.162236378642282464e+00
-1.957942474900581153e+00 3.486709135926846503e+00
7.644186326676267740e-01 3.486709135926846503e+00
3.486779740235834701e+00 3.486709135926846503e+00
6.209140847804042629e+00 3.486709135926846503e+00
